102058021
102058020
102058022
102057037
102058024
102058027
102058026
102058028
102057098
102056207
102056206
102056205
102056204
102056203
102057010
102057135
102058025
102057139
102056126
102057237
102057236
102057231
102057230
102057233
102057232
102056237
102057239
102057238
102056128
102058052
102056193
102058033
102058030
102057027
102056197
102056195
102056210
102056212
102058039
102056214
102056217
102057107
102057106
102057100
102055041
102056110
102057108
102057226
102057227
102057224
102057220
102057133
102057221
102057136
102058006
102057047
102058003
102056182
102058000
102057110
102057112
102057114
102057117
102057051
102057050
102057053
102057218
102056108
102057054
102057213
102056105
102057211
102057210
102056100
102057216
102057215
102057214
102057192
102057193
102057194
102057196
102057197
102057198
102057199
102053116
102057168
102057165
102057164
102057166
102057161
102057160
102057042
102057043
102057040
102057041
102054159
102054158
102057045
102057205
102057048
102057200
102057201
102057202
102056171
102056121
102056174
102054254
102057208
102057209
102056246
102056245
102056248
102052016
102057170
102057076
102057072
102057071
102057070
102057078
102056168
102056167
102058012
102058015
102056254
102057240
102057140
102057146
102057145
102057144
102057061
102057062
102057063
102057065
102057066
102057067
102057243
102057244
102057058
102057247
102057052
102057024
102057055
102057143
102057156
102057150
102057151
102057153
102057015
102057014
102057016
102057011
102057159
102057013
102057012
102056221
102056104
102058031
102056225
102056224
102056227
102057212
102056102
102056140
102056141
102056142
102056144
102057158
102056099
102057099
102057252
102055033
102056097
102056103
102056199
102056213
102057009
102057006
102057007
102057001
102057120
102058038
102057124
102056239
102057149
102057059
102057086
102057241
102056137
102056136
102057082
102057083
102057080
102057081
102056226
102058042
102058041
102058047
102058044
